<?xml version="1.0" encoding="UTF-8"?>
<document version="2.0.0">
  <chunk label="test" enabled="true">
    <sensors next_id="1">
      <sensor id="0" label="ZenmuseP1 (35mm)" type="frame">
        <resolution width="8192" height="5460"/>
        <property name="pixel_width" value="0.0043948613649283609"/>
        <property name="pixel_height" value="0.0043948613649283609"/>
        <property name="focal_length" value="35"/>
        <property name="layer_index" value="0"/>
        <bands>
          <band label="Red"/>
          <band label="Green"/>
          <band label="Blue"/>
        </bands>
        <data_type>uint8</data_type>
        <calibration type="frame" class="adjusted">
          <resolution width="8192" height="5460"/>
          <f>8119.2348742920267</f>
          <cx>-38.207972461763511</cx>
          <cy>39.078252574887657</cy>
          <k1>-0.048285714675711196</k1>
          <k2>0.010243584984651329</k2>
          <k3>-0.082058618542244346</k3>
          <p1>-0.0014576350943520317</p1>
          <p2>0.0024523215525790241</p2>
        </calibration>
        <covariance>
          <params>f cx cy k1 k2 k3 p1 p2</params>
          <coeffs>1950.8545891937781 -6.7834589272360404 30.530309238491579 -0.019020568775683366 0.0046493832143711979 -0.10651222558559918 -0.00038660134303005714 0.00040167801052589915 -6.7834589272360404 0.29604075959310022 -0.10779676114272931 6.8115518697474601e-05 -2.3543709894183918e-05 0.00032970213818963164 9.469159075462955e-06 -1.4765637043784711e-06 30.530309238491579 -0.10779676114272931 0.7277423404762362 -0.00028939508863536187 4.1290916472431344e-05 -0.0016053637115277109 -6.0737828339804017e-06 1.2042167435495381e-05 -0.019020568775683366 6.8115518697474601e-05 -0.00028939508863536187 7.2398499145880392e-07 -1.2062040213496616e-06 2.8765906410451112e-06 2.9656652303569175e-09 -3.3495521123767402e-10 0.0046493832143711979 -2.3543709894183918e-05 4.1290916472431344e-05 -1.2062040213496616e-06 7.4328103280058068e-06 -1.3565989564126728e-05 -2.3280674565706325e-09 -1.1428571728014735e-09 -0.10651222558559918 0.00032970213818963164 -0.0016053637115277109 2.8765906410451112e-06 -1.3565989564126728e-05 3.0567114123058538e-05 2.1878205525706828e-08 -1.9173645756029388e-08 -0.00038660134303005714 9.469159075462955e-06 -6.0737828339804017e-06 2.9656652303569175e-09 -2.3280674565706325e-09 2.1878205525706828e-08 5.0208970198722726e-10 -8.302490282109436e-11 0.00040167801052589915 -1.4765637043784711e-06 1.2042167435495381e-05 -3.3495521123767402e-10 -1.1428571728014735e-09 -1.9173645756029388e-08 -8.302490282109436e-11 3.6680030781693434e-10</coeffs>
        </covariance>
        <meta>
          <property name="Exif/BodySerialNumber" value="3XMDJB9001557L"/>
          <property name="Exif/LensSerialNumber" value="01JY122G109P"/>
          <property name="Exif/Make" value="DJI"/>
          <property name="Exif/Model" value="ZenmuseP1"/>
          <property name="Exif/Software" value="04.00.02.05"/>
        </meta>
      </sensor>
    </sensors>
    <components next_id="1" active_id="0">
      <component id="0" label="Component 1">
        <transform>
          <rotation locked="true">-0.080033625189412774 0.62977949281656587 0.77263989624323026 -0.9931605794714421 -0.1164869847790478 -0.0079275318375602675 0.085009894853424528 -0.76798995618744548 0.63479504170418233</rotation>
          <translation locked="true">4932318.0510022901 -32706.980867034825 4030484.0989624388</translation>
          <scale locked="true">40.765444314113502</scale>
        </transform>
        <region>
          <center>-0.22890869124383834 0.066617682983466361 -1.8850498637877273</center>
          <size>5.1157888889312746 3.4935885906219486 1.2709455490112305</size>
          <R>-0.98374055435626162 0.17958937614888906 -0.0014756995927251129 -0.17958769971947125 -0.98374123488735121 -0.0012003715168402995 -0.0016672805115264088 -0.0009158366460754792 0.99999819070783014</R>
        </region>
        <partition>
          <camera_ids>0 1 2 3 4 5 6 7 8 9 10 11 12 13 14 15</camera_ids>
        </partition>
      </component>
    </components>
    <cameras next_id="16" next_group_id="0">
      <camera id="0" sensor_id="0" component_id="0" label="DJI_20230125121730_0472.JPG">
        <transform>-0.9954479493441124 0.093985075773650228 0.015817258878279766 0.5496423308627949 0.094137975658408549 0.99551650935518365 0.0092152666921444127 0.33090938533428949 -0.014880244807736776 0.010662323062620617 -0.99983243255126009 -0.01007018280537186 0 0 0 1</transform>
        <rotation_covariance>1.232645426760353e-07 9.8751678179902724e-08 1.8671088557190046e-10 9.8751678179902737e-08 2.49564028164037e-07 4.5052988591229791e-10 1.8671088557190066e-10 4.5052988591229781e-10 1.373345086015759e-08</rotation_covariance>
        <location_covariance>1.8422892196098164e-08 1.3081007621295677e-09 -6.0525743386705992e-10 1.3081007621295677e-09 2.1485105465695813e-08 -2.5351410812856776e-10 -6.0525743386705992e-10 -2.5351410812856776e-10 3.9618318478967433e-08</location_covariance>
        <orientation>1</orientation>
        <reference x="-0.38020774400000001" y="39.442228088" z="142.47800000000001" yaw="10.1" pitch="0.099999999999993788" roll="-0" enabled="true" rotation_enabled="false"/>
      </camera>
      <camera id="1" sensor_id="0" component_id="0" label="DJI_20230125121731_0473.JPG">
        <transform>-0.99538307732959685 0.094973351546384699 0.013877747004061027 0.52048172449917829 0.095086832671019389 0.99543874774184171 0.0077584629114012035 0.045320709466501186 -0.013077599873656509 0.0090422336953239653 -0.99987359920709162 -0.010281962820213861 0 0 0 1</transform>
        <rotation_covariance>8.5355256770579688e-08 1.6503300518616769e-08 -1.0165198379814163e-10 1.6503300518616769e-08 2.460976014217918e-07 8.4745396745750809e-10 -1.0165198379814168e-10 8.4745396745750871e-10 1.3435130982892867e-08</rotation_covariance>
        <location_covariance>1.415713247958431e-08 3.1085546220601071e-10 -3.1813173793266127e-10 3.1085546220601071e-10 1.7238667029200286e-08 -2.5928586716889799e-10 -3.1813173793266127e-10 -2.5928586716889799e-10 2.4622901405757849e-08</location_covariance>
        <orientation>1</orientation>
        <reference x="-0.38017877799999999" y="39.442331097" z="142.48699999999999" yaw="10.1" pitch="0.099999999999993788" roll="-0" enabled="true" rotation_enabled="false"/>
      </camera>
      <camera id="2" sensor_id="0" component_id="0" label="DJI_20230125121733_0474.JPG">
        <transform>-0.99528512217195475 0.096226493417508843 0.012165013264567152 0.49026914851579734 0.096311709481976995 0.99532918399737191 0.0066234507459473208 -0.2214697591886412 -0.011470841286332739 0.0077638552082615608 -0.99990406657463349 -0.01095682896653366 0 0 0 1</transform>
        <rotation_covariance>1.053688805412295e-07 -5.8211617785632746e-08 -7.0574525491321927e-10 -5.8211617785632752e-08 2.4156745617517001e-07 1.0476639447923836e-09 -7.0574525491321906e-10 1.0476639447923834e-09 1.3482225352211007e-08</rotation_covariance>
        <location_covariance>1.3676988995686813e-08 1.9338416179428261e-10 -4.1881810751892657e-10 1.9338416179428261e-10 1.6012315977663297e-08 -1.8237361241347213e-10 -4.1881810751892657e-10 -1.8237361241347213e-10 2.7277568542861615e-08</location_covariance>
        <orientation>1</orientation>
        <reference x="-0.38015046000000002" y="39.442427354000003" z="142.47499999999999" yaw="10.200000000000001" pitch="-0.1000000000000008" roll="1.2246480426446621e-17" enabled="true" rotation_enabled="false"/>
      </camera>
      <camera id="3" sensor_id="0" component_id="0" label="DJI_20230125121734_0475.JPG">
        <transform>-0.99512303490140486 0.098197799328685678 0.0093454596259659913 0.46310135114830375 0.098209593549298743 0.995165422861504 0.00081047872594021213 -0.47240547954354639 -0.0092206910532195152 0.0017243398408781491 -0.99995600178638577 -0.0073110578818544273 0 0 0 1</transform>
        <rotation_covariance>1.7670329534643449e-07 -1.3007827101514065e-07 -8.6335044123158241e-11 -1.3007827101514057e-07 2.3792494368482178e-07 -1.1089546475129084e-10 -8.6335044123158318e-11 -1.1089546475129058e-10 1.386019315669312e-08</rotation_covariance>
        <location_covariance>1.8145377767460388e-08 2.0696816211513105e-09 -2.155525934796272e-10 2.0696816211513105e-09 2.7292355239130237e-08 6.4296288853909561e-10 -2.155525934796272e-10 6.4296288853909561e-10 4.8320951217113934e-08</location_covariance>
        <orientation>1</orientation>
        <reference x="-0.38012428500000001" y="39.442517649000003" z="142.626" yaw="10.200000000000001" pitch="-0.1000000000000008" roll="1.2246480426446621e-17" enabled="true" rotation_enabled="false"/>
      </camera>
      <camera id="4" sensor_id="0" component_id="0" label="DJI_20230125121744_0479.JPG">
        <transform>0.99994724140730362 0.00070574363647101391 0.010247747452144367 -0.044192469683412228 0.00079888938181138947 -0.99995838287351813 -0.0090881404443250435 -0.2910912141609559 0.010240907073056547 0.0090958477834512386 -0.99990619028757988 -0.011398689178484208 0 0 0 1</transform>
        <rotation_covariance>1.2958091399307797e-07 -1.9960716088640156e-08 -1.6081191328530101e-09 -1.9960716088640156e-08 4.8404582018638644e-08 2.4283578654944489e-10 -1.6081191328530101e-09 2.4283578654944495e-10 1.3137169567410018e-08</rotation_covariance>
        <location_covariance>1.6875579219797059e-08 -2.3688086080242069e-10 -1.1906808762298403e-09 -2.3688086080242069e-10 1.9173447162188932e-08 -3.2650423435958168e-10 -1.1906808762298403e-09 -3.2650423435958168e-10 2.3175312741238755e-08</location_covariance>
        <orientation>1</orientation>
        <reference x="-0.379895011" y="39.442430664" z="142.489" yaw="186.19999999999999" pitch="0.099999999999993788" roll="-0" enabled="true" rotation_enabled="false"/>
      </camera>
      <camera id="5" sensor_id="0" component_id="0" label="DJI_20230125121746_0480.JPG">
        <transform>0.99996494068565434 -0.00013847143850176206 0.0083724682857740287 -0.00060993702267605663 -8.0545675576960214e-05 -0.99997606335902045 -0.0069185418544104871 -0.0049531344328139085 0.0083732258974494687 0.0069176249289624736 -0.99994101603715246 -0.010269216179962248 0 0 0 1</transform>
        <rotation_covariance>8.2984093954948826e-08 1.1982773124340343e-09 -1.6136073106484959e-09 1.1982773124340343e-09 5.4894106015131684e-08 5.1360818037066109e-10 -1.6136073106484953e-09 5.1360818037066098e-10 1.2987279840764163e-08</rotation_covariance>
        <location_covariance>1.2656302907371772e-08 -1.8601550934465161e-10 -1.0648491913941935e-09 -1.8601550934465161e-10 1.4008633696747159e-08 -6.16976996095578e-10 -1.0648491913941935e-09 -6.16976996095578e-10 2.1172791173372556e-08</location_covariance>
        <orientation>1</orientation>
        <reference x="-0.37993083799999999" y="39.442327644999999" z="142.517" yaw="186.19999999999999" pitch="0.099999999999993788" roll="-0" enabled="true" rotation_enabled="false"/>
      </camera>
      <camera id="6" sensor_id="0" component_id="0" label="DJI_20230125121747_0481.JPG">
        <transform>0.99997527886306936 -0.00090381135950473005 0.0069731476216838388 0.031064493620442963 -0.00086332848400565978 -0.99998277024192939 -0.0058063657484849207 0.257300391042596 0.0069782753353582463 0.0058002020915572383 -0.99995882981702866 -0.010610877038396548 0 0 0 1</transform>
        <rotation_covariance>9.5111920214350064e-08 2.7415302813433081e-08 -1.5241553210608435e-09 2.7415302813433077e-08 6.1038542035703181e-08 8.474851370126397e-10 -1.5241553210608441e-09 8.474851370126397e-10 1.2994546694524934e-08</rotation_covariance>
        <location_covariance>1.3417028547177784e-08 -6.9566444475914393e-10 -1.0031446346699303e-09 -6.9566444475914393e-10 1.3942337838579985e-08 -1.1914568773170137e-10 -1.0031446346699303e-09 -1.1914568773170137e-10 2.265384325582301e-08</location_covariance>
        <orientation>1</orientation>
        <reference x="-0.37995974999999999" y="39.442233586999997" z="142.49199999999999" yaw="186.19999999999999" pitch="0.099999999999993788" roll="-0" enabled="true" rotation_enabled="false"/>
      </camera>
      <camera id="7" sensor_id="0" component_id="0" label="DJI_20230125121749_0482.JPG">
        <transform>0.99998305548811017 -0.00069868752958137433 0.0057793228323182221 0.060477790103214267 -0.00066052915442382895 -0.9999779894348807 -0.0066018442127731558 0.51612617164908425 0.0057838082523803801 0.0065979149365219397 -0.99996150679943185 -0.0095672016820353804 0 0 0 1</transform>
        <rotation_covariance>1.5841720077014906e-07 5.8860464622684957e-08 -1.3178374691323632e-09 5.886046462268495e-08 6.7862673061417851e-08 1.0283517207783586e-09 -1.3178374691323626e-09 1.0283517207783588e-09 1.326255715097665e-08</rotation_covariance>
        <location_covariance>1.7739465742686098e-08 -3.9197602679827483e-10 -1.1237497495499582e-09 -3.9197602679827483e-10 2.0578346335638323e-08 -1.7281986665923647e-10 -1.1237497495499582e-09 -1.7281986665923647e-10 3.02053638509289e-08</location_covariance>
        <orientation>1</orientation>
        <reference x="-0.379987201" y="39.442140332999998" z="142.53999999999999" yaw="186.19999999999999" pitch="0.099999999999993788" roll="-0" enabled="true" rotation_enabled="false"/>
      </camera>
      <camera id="8" sensor_id="0" component_id="0" label="DJI_20230125121759_0487.JPG">
        <transform>-0.99541413046555016 0.094454550410928234 0.015134291400081951 -0.45988061781319683 0.094630731873207502 0.99544739446918751 0.011380220984078149 0.39084560436673971 -0.013990477284720904 0.012760201846944041 -0.99982070582388449 -0.011676791729965358 0 0 0 1</transform>
        <rotation_covariance>1.1458539682423427e-07 -1.8123947288018327e-08 -2.7401920692379596e-09 -1.8123947288018324e-08 5.6358242503363674e-08 -4.0379323484132003e-10 -2.7401920692379596e-09 -4.0379323484132003e-10 1.347336808323768e-08</rotation_covariance>
        <location_covariance>2.2314230539466563e-08 1.2349694007496998e-09 -8.013302053385871e-10 1.2349694007496998e-09 2.1852320024031303e-08 4.1297974910821439e-10 -8.013302053385871e-10 4.1297974910821439e-10 2.2938480124545575e-08</location_covariance>
        <orientation>1</orientation>
        <reference x="-0.37973550499999997" y="39.442164337999998" z="142.47399999999999" yaw="10.1" pitch="0.099999999999993788" roll="-0" enabled="true" rotation_enabled="false"/>
      </camera>
      <camera id="9" sensor_id="0" component_id="0" label="DJI_20230125121800_0488.JPG">
        <transform>-0.99539604677267057 0.094880905105666991 0.013576594406139718 -0.49011217024496628 0.095015461632442719 0.99542918042501494 0.009633732877589514 0.10777845530877046 -0.012600480947694587 0.010879366006912311 -0.99986142403593836 -0.011056085403587474 0 0 0 1</transform>
        <rotation_covariance>8.4080891085610585e-08 7.2914473089627419e-09 -2.4644766413366921e-09 7.2914473089627444e-09 5.6124812536515117e-08 8.6686446368192686e-11 -2.4644766413366929e-09 8.6686446368192789e-11 1.3421385337839338e-08</rotation_covariance>
        <location_covariance>1.6785873000648567e-08 1.9633944768556084e-10 -1.0824352083619824e-09 1.9633944768556084e-10 1.8548454847960644e-08 -5.4962695405853867e-10 -1.0824352083619824e-09 -5.4962695405853867e-10 2.1097191606813661e-08</location_covariance>
        <orientation>1</orientation>
        <reference x="-0.37970617899999998" y="39.442266386999997" z="142.512" yaw="10.200000000000001" pitch="-0.1000000000000008" roll="1.2246480426446621e-17" enabled="true" rotation_enabled="false"/>
      </camera>
      <camera id="10" sensor_id="0" component_id="0" label="DJI_20230125121802_0489.JPG">
        <transform>-0.99528611084100005 0.096283676201914734 0.011619434755663915 -0.51992823670163313 0.096375754345896 0.99531568492521827 0.0076420753793108864 -0.16571894189679806 -0.010829198550945321 0.0087258832726780922 -0.9999032890334224 -0.01019429444483457 0 0 0 1</transform>
        <rotation_covariance>1.1168628573230836e-07 3.2094574639361883e-08 -2.0531166882570622e-09 3.2094574639361883e-08 5.6019619307948247e-08 3.1820469061338498e-10 -2.0531166882570622e-09 3.1820469061338483e-10 1.3474025818727407e-08</rotation_covariance>
        <location_covariance>1.6306925278703136e-08 -3.6022944959744547e-11 -7.7596614264633651e-10 -3.6022944959744547e-11 1.7898199438371823e-08 -4.5834472245341907e-11 -7.7596614264633651e-10 -4.5834472245341907e-11 2.2023625670953322e-08</location_covariance>
        <orientation>1</orientation>
        <reference x="-0.37967757600000002" y="39.442365176999999" z="142.56800000000001" yaw="10.200000000000001" pitch="-0.1000000000000008" roll="1.2246480426446621e-17" enabled="true" rotation_enabled="false"/>
      </camera>
      <camera id="11" sensor_id="0" component_id="0" label="DJI_20230125121803_0490.JPG">
        <transform>-0.99513080630763051 0.098015746114409996 0.010372649187171352 -0.5437383406495464 0.098098438974779337 0.99514624620362713 0.0077874859576938099 -0.40889568473719523 -0.0095590066553018285 0.0087671078734837052 -0.99991587806739934 -0.0092726238639882913 0 0 0 1</transform>
        <rotation_covariance>1.8555368432698414e-07 5.5125935063152231e-08 -1.7459827083243964e-09 5.5125935063152231e-08 5.6936843832666549e-08 6.0618456693041604e-10 -1.7459827083243964e-09 6.0618456693041604e-10 1.3644921189443857e-08</rotation_covariance>
        <location_covariance>2.1726722105787011e-08 1.3989508690722958e-09 -6.3820486798657767e-10 1.3989508690722958e-09 2.5133323412954345e-08 2.3430934083879402e-10 -6.3820486798657767e-10 2.3430934083879402e-10 3.0338840292981841e-08</location_covariance>
        <orientation>1</orientation>
        <reference x="-0.37965333200000001" y="39.442452719000002" z="142.61000000000001" yaw="10.1" pitch="0.099999999999993788" roll="-0" enabled="true" rotation_enabled="false"/>
      </camera>
      <camera id="12" sensor_id="0" component_id="0" label="DJI_20230125121813_0494.JPG">
        <transform>0.9999167953956587 -0.0048646735355074343 0.011947269021392735 -1.0499030263659563 -0.0047574610829781002 -0.9999483088444806 -0.0089858891105494831 -0.18058294739171463 0.011990364870200811 0.0089283027757842692 -0.99988825203610787 -0.013583961301945783 0 0 0 1</transform>
        <rotation_covariance>1.0478067272564457e-07 7.8866892100478231e-08 1.676277712857999e-09 7.8866892100478231e-08 2.5528860053669946e-07 2.1247988999063106e-09 1.6762777128579988e-09 2.1247988999063115e-09 1.3385976112910234e-08</rotation_covariance>
        <location_covariance>2.1241996116291467e-08 -1.4739950136145785e-09 6.7924514339430387e-10 -1.4739950136145785e-09 2.299076770514653e-08 -6.2475976457071757e-11 6.7924514339430387e-10 -6.2475976457071757e-11 3.9714371328632065e-08</location_covariance>
        <orientation>1</orientation>
        <reference x="-0.37942704999999999" y="39.442348526000004" z="142.47499999999999" yaw="186.5" pitch="0.099999999999993788" roll="-0" enabled="true" rotation_enabled="false"/>
      </camera>
      <camera id="13" sensor_id="0" component_id="0" label="DJI_20230125121814_0495.JPG">
        <transform>0.99992111589221744 -0.0067894295775399616 0.010567196358272003 -1.0049263760281411 -0.0067090701720269623 -0.9999484486853889 -0.0076215713020544307 0.10563604827773135 0.010618397727033472 0.0075500740193131244 -0.99991511940364908 -0.013035557692055005 0 0 0 1</transform>
        <rotation_covariance>8.1615919160608066e-08 -1.5524280849193084e-09 9.3074086953151125e-10 -1.5524280849193084e-09 2.3195130358445938e-07 1.8197686305924972e-09 9.3074086953151104e-10 1.819768630592497e-09 1.3393884425439874e-08</rotation_covariance>
        <location_covariance>1.630185841798603e-08 -4.1145439553491609e-10 2.6473754180459161e-10 -4.1145439553491609e-10 1.8775299076402428e-08 -2.7418721843610244e-10 2.6473754180459161e-10 -2.7418721843610244e-10 2.3934881442458553e-08</location_covariance>
        <orientation>1</orientation>
        <reference x="-0.37946355399999998" y="39.442245757999999" z="142.47999999999999" yaw="186.5" pitch="0.099999999999993788" roll="-0" enabled="true" rotation_enabled="false"/>
      </camera>
      <camera id="14" sensor_id="0" component_id="0" label="DJI_20230125121816_0496.JPG">
        <transform>0.99992679097558579 -0.007805798776669033 0.0092456581553727948 -0.96929483279696194 -0.0077492014640127569 -0.99995111418644034 -0.0061415888796164109 0.38077436089002981 0.0092931461808152902 0.0060694927921726705 -0.99993839744821655 -0.010709875733619487 0 0 0 1</transform>
        <rotation_covariance>1.1636712510164255e-07 -7.261772970706854e-08 3.1405886163216615e-10 -7.261772970706854e-08 2.1514913558150448e-07 1.9664879069266823e-09 3.1405886163216625e-10 1.9664879069266823e-09 1.3435876191461144e-08</rotation_covariance>
        <location_covariance>1.5656146334426453e-08 -5.6681205233707863e-10 2.2850275842065677e-10 -5.6681205233707863e-10 1.8473620936234207e-08 1.4642273326365458e-10 2.2850275842065677e-10 1.4642273326365458e-10 2.774750124623323e-08</location_covariance>
        <orientation>1</orientation>
        <reference x="-0.37949502800000001" y="39.442147110999997" z="142.55699999999999" yaw="186.5" pitch="0.099999999999993788" roll="-0" enabled="true" rotation_enabled="false"/>
      </camera>
      <camera id="15" sensor_id="0" component_id="0" label="DJI_20230125121817_0497.JPG">
        <transform>0.99992230248264247 -0.0092291327707735311 0.008379266442261675 -0.94140664364030413 -0.0091603460637567045 -0.99992433292055893 -0.0082107547379778548 0.62351407947567772 0.008454410553267188 0.0081333598023477626 -0.99993118333239417 -0.011684383196729362 0 0 0 1</transform>
        <rotation_covariance>1.9362792142555255e-07 -1.298474060469851e-07 -5.0615739552328698e-10 -1.2984740604698513e-07 2.0335434872103889e-07 2.5396293956759614e-09 -5.0615739552328698e-10 2.5396293956759618e-09 1.3618177619315781e-08</rotation_covariance>
        <location_covariance>1.9771690583823167e-08 4.0073690970248861e-10 3.3859870409408851e-10 4.0073690970248861e-10 2.5462798224168533e-08 -4.4112640268277306e-10 3.3859870409408851e-10 -4.4112640268277306e-10 4.8129386724288699e-08</location_covariance>
        <orientation>1</orientation>
        <reference x="-0.37952114100000001" y="39.442059487000002" z="142.50399999999999" yaw="186.59999999999999" pitch="0.099999999999993788" roll="-0" enabled="true" rotation_enabled="false"/>
      </camera>
    </cameras>
    <markers next_id="7" next_group_id="0">
      <marker id="0" label="101">
        <reference x="725418.34600000002" y="4369135.8789999997" z="60.75" enabled="true"/>
      </marker>
      <marker id="1" label="102">
        <reference x="725447.56099999999" y="4369165.9840000002" z="71.679000000000002" enabled="true"/>
      </marker>
      <marker id="2" label="103">
        <reference x="725464.95799999998" y="4369119.1109999996" z="74.328000000000003" enabled="true"/>
      </marker>
      <marker id="3" label="104">
        <reference x="725500.60199999996" y="4369138.6359999999" z="62.972000000000001" enabled="true"/>
      </marker>
      <marker id="4" label="105">
        <reference x="725503.98800000001" y="4369159.4570000004" z="61.659999999999997" enabled="true"/>
      </marker>
      <marker id="5" label="106">
        <reference x="725483.97199999995" y="4369122.4809999997" z="61.939" enabled="true"/>
      </marker>
      <marker id="6" label="107">
        <reference x="725524.57900000003" y="4369127.341" z="62.850000000000001" enabled="true"/>
      </marker>
    </markers>
    <transform>
      <rotation locked="true">-0.080033625189412774 0.62977949281656587 0.77263989624323026 -0.9931605794714421 -0.1164869847790478 -0.0079275318375602675 0.085009894853424528 -0.76798995618744548 0.63479504170418233</rotation>
      <translation locked="true">4932318.0510022901 -32706.980867034825 4030484.0989624388</translation>
      <scale locked="true">40.765444314113502</scale>
    </transform>
    <reference>COMPD_CS["ETRS89 / UTM zone 30N + Alicante height",PROJCS["ETRS89 / UTM zone 30N",GEOGCS["ETRS89",DATUM["European Terrestrial Reference System 1989 ensemble",SPHEROID["GRS 1980",6378137,298.257222101,AUTHORITY["EPSG","7019"]],TOWGS84[0,0,0,0,0,0,0],AUTHORITY["EPSG","6258"]],PRIMEM["Greenwich",0,AUTHORITY["EPSG","8901"]],UNIT["degree",0.01745329251994328,AUTHORITY["EPSG","9102"]],AUTHORITY["EPSG","4258"]],PROJECTION["Transverse_Mercator",AUTHORITY["EPSG","9807"]],PARAMETER["latitude_of_origin",0],PARAMETER["central_meridian",-3],PARAMETER["scale_factor",0.9996],PARAMETER["false_easting",500000],PARAMETER["false_northing",0],UNIT["metre",1,AUTHORITY["EPSG","9001"]],AUTHORITY["EPSG","25830"]],VERT_CS["Alicante height",VERT_DATUM["Alicante",2005,AUTHORITY["EPSG","5180"]],UNIT["metre",1,AUTHORITY["EPSG","9001"]],AUTHORITY["EPSG","5782"]]]</reference>
    <camera_reference>COMPD_CS["ETRS89 + Alicante height",GEOGCS["ETRS89",DATUM["European Terrestrial Reference System 1989 ensemble",SPHEROID["GRS 1980",6378137,298.257222101,AUTHORITY["EPSG","7019"]],TOWGS84[0,0,0,0,0,0,0],AUTHORITY["EPSG","6258"]],PRIMEM["Greenwich",0,AUTHORITY["EPSG","8901"]],UNIT["degree",0.01745329251994328,AUTHORITY["EPSG","9102"]],AUTHORITY["EPSG","4258"]],VERT_CS["Alicante height",VERT_DATUM["Alicante",2005,AUTHORITY["EPSG","5180"]],UNIT["metre",1,AUTHORITY["EPSG","9001"]],AUTHORITY["EPSG","5782"]],AUTHORITY["EPSG","9505"]]</camera_reference>
    <marker_reference>COMPD_CS["ETRS89 / UTM zone 30N + Alicante height",PROJCS["ETRS89 / UTM zone 30N",GEOGCS["ETRS89",DATUM["European Terrestrial Reference System 1989 ensemble",SPHEROID["GRS 1980",6378137,298.257222101,AUTHORITY["EPSG","7019"]],TOWGS84[0,0,0,0,0,0,0],AUTHORITY["EPSG","6258"]],PRIMEM["Greenwich",0,AUTHORITY["EPSG","8901"]],UNIT["degree",0.01745329251994328,AUTHORITY["EPSG","9102"]],AUTHORITY["EPSG","4258"]],PROJECTION["Transverse_Mercator",AUTHORITY["EPSG","9807"]],PARAMETER["latitude_of_origin",0],PARAMETER["central_meridian",-3],PARAMETER["scale_factor",0.9996],PARAMETER["false_easting",500000],PARAMETER["false_northing",0],UNIT["metre",1,AUTHORITY["EPSG","9001"]],AUTHORITY["EPSG","25830"]],VERT_CS["Alicante height",VERT_DATUM["Alicante",2005,AUTHORITY["EPSG","5180"]],UNIT["metre",1,AUTHORITY["EPSG","9001"]],AUTHORITY["EPSG","5782"]]]</marker_reference>
    <region>
      <center>-0.22890869124383834 0.066617682983466361 -1.8850498637877273</center>
      <size>5.1157888889312746 3.4935885906219486 1.2709455490112305</size>
      <R>-0.98374055435626162 0.17958937614888906 -0.0014756995927251129 -0.17958769971947125 -0.98374123488735121 -0.0012003715168402995 -0.0016672805115264088 -0.0009158366460754792 0.99999819070783014</R>
    </region>
    <settings>
      <property name="accuracy_tiepoints" value="1"/>
      <property name="accuracy_cameras_xy" value="0.080000000000000002"/>
      <property name="accuracy_cameras_z" value="0.12"/>
      <property name="accuracy_cameras_ypr" value="10"/>
      <property name="accuracy_markers" value="0.0050000000000000001"/>
      <property name="accuracy_scalebars" value="0.001"/>
      <property name="accuracy_projections" value="0.5"/>
    </settings>
    <meta>
      <property name="AlignCameras/adaptive_fitting" value="false"/>
      <property name="AlignCameras/duration" value="4.125"/>
      <property name="AlignCameras/min_image" value="2"/>
      <property name="AlignCameras/ram_used" value="117891072"/>
      <property name="AlignCameras/reset_alignment" value="false"/>
      <property name="AlignCameras/subdivide_task" value="true"/>
      <property name="Info/LastSavedDateTime" value="2024:01:02 18:47:25"/>
      <property name="Info/LastSavedSoftwareVersion" value="2.0.1.16069"/>
      <property name="OptimizeCameras/sigma0" value="0.116962490512828"/>
    </meta>
    <frames next_id="1">
      <frame id="0">
        <markers>
          <marker marker_id="0">
            <location camera_id="0" pinned="true" x="1142.07019" y="2533.08862"/>
            <location camera_id="1" pinned="true" x="1121.50403" y="3677.65161"/>
            <location camera_id="2" pinned="true" x="1097.46069" y="4744.79932"/>
          </marker>
          <marker marker_id="1">
            <location camera_id="2" pinned="true" x="3217.0769" y="1169.10181"/>
            <location camera_id="3" pinned="true" x="3185.8291" y="2374.3457"/>
            <location camera_id="4" pinned="true" x="7163.41895" y="3989.78442"/>
            <location camera_id="5" pinned="true" x="6973.45996" y="5293.88037"/>
          </marker>
          <marker marker_id="2">
            <location camera_id="0" pinned="true" x="6209.32764" y="3461.35449"/>
            <location camera_id="1" pinned="true" x="6177.51953" y="4832.34082"/>
            <location camera_id="5" pinned="true" x="4655.06689" y="164.125839"/>
            <location camera_id="6" pinned="true" x="4518.13086" y="1408.09509"/>
            <location camera_id="7" pinned="true" x="4389.56445" y="2632.25317"/>
            <location camera_id="8" pinned="true" x="1413.7998" y="3607.94971"/>
            <location camera_id="9" pinned="true" x="1397.23279" y="4959.43701"/>
          </marker>
          <marker marker_id="3">
            <location camera_id="8" pinned="true" x="4950.21973" y="924.503296"/>
            <location camera_id="9" pinned="true" x="4926.03467" y="2100.19312"/>
            <location camera_id="10" pinned="true" x="4896.95459" y="3239.51099"/>
            <location camera_id="11" pinned="true" x="4885.41748" y="4231.33447"/>
            <location camera_id="12" pinned="true" x="5421.25" y="2021.0155"/>
            <location camera_id="13" pinned="true" x="5256.125" y="3196.00269"/>
            <location camera_id="14" pinned="true" x="5127.66064" y="4324.89893"/>
            <location camera_id="15" pinned="true" x="5029.25732" y="5287.17383"/>
          </marker>
          <marker marker_id="4">
            <location camera_id="4" pinned="true" x="1221.43213" y="3660.74121"/>
            <location camera_id="5" pinned="true" x="1075.18372" y="4819.17676"/>
            <location camera_id="9" pinned="true" x="4874.28223" y="44.3505325"/>
            <location camera_id="10" pinned="true" x="4846.03564" y="1156.5824"/>
            <location camera_id="11" pinned="true" x="4834.4248" y="2133.6333"/>
            <location camera_id="12" pinned="true" x="5242.21533" y="4096.82227"/>
            <location camera_id="13" pinned="true" x="5080.24609" y="5245.18408"/>
          </marker>
          <marker marker_id="5">
            <location camera_id="0" pinned="true" x="7666.19678" y="2687.08008"/>
            <location camera_id="1" pinned="true" x="7636.56006" y="3845.93481"/>
            <location camera_id="2" pinned="true" x="7594.45068" y="4919.56689"/>
            <location camera_id="5" pinned="true" x="2714.98413" y="1034.00684"/>
            <location camera_id="6" pinned="true" x="2597.25586" y="2097.38818"/>
            <location camera_id="7" pinned="true" x="2489.96509" y="3133.67432"/>
            <location camera_id="8" pinned="true" x="3606.90576" y="2807.99927"/>
            <location camera_id="9" pinned="true" x="3583.39941" y="3967.75806"/>
            <location camera_id="10" pinned="true" x="3558.24927" y="5085.15186"/>
            <location camera_id="12" pinned="true" x="6862.0498" y="328.898651"/>
            <location camera_id="13" pinned="true" x="6708.85498" y="1466.79419"/>
            <location camera_id="14" pinned="true" x="6586.94629" y="2574.24878"/>
            <location camera_id="15" pinned="true" x="6492.2998" y="3525.25977"/>
          </marker>
          <marker marker_id="6">
            <location camera_id="8" pinned="true" x="7489.10742" y="1621.78149"/>
            <location camera_id="9" pinned="true" x="7462.43896" y="2789.61328"/>
            <location camera_id="10" pinned="true" x="7426.06543" y="3915.02661"/>
            <location camera_id="11" pinned="true" x="7404.11279" y="4888.83203"/>
            <location camera_id="12" pinned="true" x="2935.3833" y="1106.37"/>
            <location camera_id="13" pinned="true" x="2767.31201" y="2287.16943"/>
            <location camera_id="14" pinned="true" x="2642.94922" y="3423.30444"/>
            <location camera_id="15" pinned="true" x="2548.89233" y="4396.11572"/>
          </marker>
        </markers>
      </frame>
    </frames>
  </chunk>
</document>
