<?xml version="1.0" encoding="UTF-8"?>
<document version="2.0.0">
  <chunk label="test" enabled="true">
    <sensors next_id="1">
      <sensor id="0" label="ZenmuseP1 (35mm)" type="frame">
        <resolution width="8192" height="5460"/>
        <property name="pixel_width" value="0.0043948613649283609"/>
        <property name="pixel_height" value="0.0043948613649283609"/>
        <property name="focal_length" value="35"/>
        <property name="layer_index" value="0"/>
        <bands>
          <band label="Red"/>
          <band label="Green"/>
          <band label="Blue"/>
        </bands>
        <data_type>uint8</data_type>
        <calibration type="frame" class="adjusted">
          <resolution width="8192" height="5460"/>
          <f>8119.2305439255015</f>
          <cx>-38.207942588989802</cx>
          <cy>39.078210125196307</cy>
          <k1>-0.048285662622753724</k1>
          <k2>0.010243632598271548</k2>
          <k3>-0.082058493061365215</k3>
          <p1>-0.0014576346321852301</p1>
          <p2>0.0024523207213898359</p2>
        </calibration>
        <covariance>
          <params>f cx cy k1 k2 k3 p1 p2</params>
          <coeffs>1950.8615901671042 -6.7834802144077493 30.530400848808732 -0.019020679520057503 0.0046494711716721787 -0.10651252940896919 -0.0003866026756398519 0.00040167933633153706 -6.7834802144077493 0.29604076464837142 -0.10779707548340169 6.8116149040714689e-05 -2.3543898590573561e-05 0.00032970297591508781 9.4691454416196957e-06 -1.4765655276448754e-06 30.530400848808732 -0.10779707548340169 0.72774381325803605 -0.0002893962036718548 4.1292353878129915e-05 -0.0016053679075228567 -6.0738022986742787e-06 1.2042181871659818e-05 -0.019020679520057503 6.8116149040714689e-05 -0.0002893962036718548 7.2399062312715589e-07 -1.2062014949057134e-06 2.8765868902699915e-06 2.9656658910086883e-09 -3.349296976422579e-10 0.0046494711716721787 -2.3543898590573561e-05 4.1292353878129915e-05 -1.2062014949057134e-06 7.4327809583061007e-06 -1.3565927097693215e-05 -2.3280843718398829e-09 -1.1428355017748297e-09 -0.10651252940896919 0.00032970297591508781 -0.0016053679075228567 2.8765868902699915e-06 -1.3565927097693215e-05 3.0566976635130466e-05 2.1878272421469096e-08 -1.917372566510797e-08 -0.0003866026756398519 9.4691454416196957e-06 -6.0738022986742787e-06 2.9656658910086883e-09 -2.3280843718398829e-09 2.1878272421469096e-08 5.0208985745047743e-10 -8.3025370974050795e-11 0.00040167933633153706 -1.4765655276448754e-06 1.2042181871659818e-05 -3.349296976422579e-10 -1.1428355017748297e-09 -1.917372566510797e-08 -8.3025370974050795e-11 3.6680090002726955e-10</coeffs>
        </covariance>
        <meta>
          <property name="Exif/BodySerialNumber" value="3XMDJB9001557L"/>
          <property name="Exif/LensSerialNumber" value="01JY122G109P"/>
          <property name="Exif/Make" value="DJI"/>
          <property name="Exif/Model" value="ZenmuseP1"/>
          <property name="Exif/Software" value="04.00.02.05"/>
        </meta>
      </sensor>
    </sensors>
    <components next_id="1" active_id="0">
      <component id="0" label="Component 1">
        <transform>
          <rotation locked="true">-0.079447396142075549 0.62980018841151386 0.77268352766385917 -0.99313016340082139 -0.11681106374002284 -0.0069031826994688465 0.085910359036044284 -0.76792375797649748 0.63475389888172562</rotation>
          <translation locked="true">4932278.2992889546 -32706.671938948897 4030451.4029770633</translation>
          <scale locked="true">40.80285140029163</scale>
        </transform>
        <region>
          <center>-0.52137454340481781 0.05163347463530954 -1.8850452695239777</center>
          <size>0.9266243787460553 1.1180291362397838 2.4508091118182307</size>
          <R>-1 0 0 0 -1 0 0 0 1</R>
        </region>
        <partition>
          <camera_ids>0 1 2 3 4 5 6 7 8 9 10 11 12 13 14 15</camera_ids>
        </partition>
      </component>
    </components>
    <cameras next_id="16" next_group_id="0">
      <camera id="0" sensor_id="0" component_id="0" label="DJI_20230125121730_0472.JPG">
        <transform>-0.99544794773933165 0.09398508004382608 0.015817334500740902 0.54964234280772295 0.094137986644102931 0.99551650464118124 0.0092156637091204245 0.33090938254194402 -0.014880282663559277 0.010662725550275708 -0.99983242769560743 -0.010070001853415304 0 0 0 1</transform>
        <rotation_covariance>1.2326627040036337e-07 9.8753115789389038e-08 1.8704140622775292e-10 9.8753115789389038e-08 2.4956778927608536e-07 4.5067538200183688e-10 1.8704140622775258e-10 4.5067538200183704e-10 1.3733575943469582e-08</rotation_covariance>
        <location_covariance>1.8423077267739684e-08 1.3081112493687321e-09 -6.0561032702272237e-10 1.3081112493687321e-09 2.1485304492612168e-08 -2.5331134438526689e-10 -6.0561032702272237e-10 -2.5331134438526689e-10 3.9618927649348903e-08</location_covariance>
        <orientation>1</orientation>
        <reference x="-0.38020774400000001" y="39.442228088" z="142.47800000000001" yaw="10.1" pitch="0.099999999999993788" roll="-0" enabled="true" rotation_enabled="false"/>
      </camera>
      <camera id="1" sensor_id="0" component_id="0" label="DJI_20230125121731_0473.JPG">
        <transform>-0.99538307585227415 0.094973355867388282 0.013877823393879047 0.5204817322886458 0.095086842891791284 0.99543874366158314 0.0077588611484452619 0.045320710043934863 -0.013077638002983344 0.0090426374877839166 -0.99987359505665885 -0.01028189896081725 0 0 0 1</transform>
        <rotation_covariance>8.5356481052904286e-08 1.6503505711762369e-08 -1.0132762906705296e-10 1.6503505711762366e-08 2.4610131566836195e-07 8.4760827787548785e-10 -1.0132762906705301e-10 8.4760827787548816e-10 1.3435257115689993e-08</rotation_covariance>
        <location_covariance>1.4157282129186321e-08 3.1085518407886936e-10 -3.1840815343832239e-10 3.1085518407886936e-10 1.723881680554263e-08 -2.5913409225980474e-10 -3.1840815343832239e-10 -2.5913409225980474e-10 2.462328744403952e-08</location_covariance>
        <orientation>1</orientation>
        <reference x="-0.38017877799999999" y="39.442331097" z="142.48699999999999" yaw="10.1" pitch="0.099999999999993788" roll="-0" enabled="true" rotation_enabled="false"/>
      </camera>
      <camera id="2" sensor_id="0" component_id="0" label="DJI_20230125121733_0474.JPG">
        <transform>-0.99528512079475839 0.096226497791868787 0.012165091338556014 0.49026915048140174 0.096311719043567029 0.99532918041490714 0.0066238500482346651 -0.22146975479216524 -0.011470880499637326 0.0077642602545219394 -0.9999040629796756 -0.010956874642794795 0 0 0 1</transform>
        <rotation_covariance>1.0537041425154695e-07 -5.8212543966394517e-08 -7.0543051651690804e-10 -5.8212543966394524e-08 2.4157112229226682e-07 1.0478184982472869e-09 -7.0543051651690845e-10 1.0478184982472876e-09 1.3482352373003175e-08</rotation_covariance>
        <location_covariance>1.367714019926691e-08 1.9338469731658366e-10 -4.1910546379665779e-10 1.9338469731658366e-10 1.6012460084867268e-08 -1.8221994765853166e-10 -4.1910546379665779e-10 -1.8221994765853166e-10 2.7277999046772654e-08</location_covariance>
        <orientation>1</orientation>
        <reference x="-0.38015046000000002" y="39.442427354000003" z="142.47499999999999" yaw="10.200000000000001" pitch="-0.1000000000000008" roll="1.2246480426446621e-17" enabled="true" rotation_enabled="false"/>
      </camera>
      <camera id="3" sensor_id="0" component_id="0" label="DJI_20230125121734_0475.JPG">
        <transform>-0.9951230336137582 0.098197804545239659 0.0093455419236262716 0.46310134029765665 0.098209602551640671 0.99516542165120681 0.00081087386541681128 -0.47240546794935651 -0.0092207341356375268 0.0017247412187809119 -0.99995600069689472 -0.0073112092876933101 0 0 0 1</transform>
        <rotation_covariance>1.7670595637254441e-07 -1.3008033347396375e-07 -8.6010072763635963e-11 -1.3008033347396375e-07 2.3792859814301769e-07 -1.1076474471091204e-10 -8.6010072763636402e-11 -1.1076474471091207e-10 1.386032033389886e-08</rotation_covariance>
        <location_covariance>1.8145566584843252e-08 2.0697115853784349e-09 -2.1591741818851365e-10 2.0697115853784349e-09 2.7292643377843147e-08 6.4323015443061997e-10 -2.1591741818851365e-10 6.4323015443061997e-10 4.832171678473504e-08</location_covariance>
        <orientation>1</orientation>
        <reference x="-0.38012428500000001" y="39.442517649000003" z="142.626" yaw="10.200000000000001" pitch="-0.1000000000000008" roll="1.2246480426446621e-17" enabled="true" rotation_enabled="false"/>
      </camera>
      <camera id="4" sensor_id="0" component_id="0" label="DJI_20230125121744_0479.JPG">
        <transform>0.99994724049744232 0.00070573828017097401 0.010247836602402209 -0.044192464089393625 0.00079888068109101493 -0.99995838656775871 -0.0090877347266617552 -0.29109121443364572 0.010240996592471489 0.0090954420609828356 -0.9999061930613834 -0.011398809559349602 0 0 0 1</transform>
        <rotation_covariance>1.2958292139520094e-07 -1.9960905664843177e-08 -1.6084380461743532e-09 -1.996090566484318e-08 4.8405123064102625e-08 2.4269172549851508e-10 -1.6084380461743536e-09 2.4269172549851513e-10 1.3137290790365929e-08</rotation_covariance>
        <location_covariance>1.6875730742317789e-08 -2.3688437052992844e-10 -1.1908610236858634e-09 -2.3688437052992844e-10 1.9173590966641648e-08 -3.264053638579231e-10 -1.1908610236858634e-09 -3.264053638579231e-10 2.3175684436206804e-08</location_covariance>
        <orientation>1</orientation>
        <reference x="-0.379895011" y="39.442430664" z="142.489" yaw="186.19999999999999" pitch="0.099999999999993788" roll="-0" enabled="true" rotation_enabled="false"/>
      </camera>
      <camera id="5" sensor_id="0" component_id="0" label="DJI_20230125121746_0480.JPG">
        <transform>0.99996493993777502 -0.0001384766489544091 0.008372557522076449 -0.00060993328939325708 -8.0553655051968288e-05 -0.9999760661561734 -0.0069181374612691249 -0.0049531374816479297 0.0083733151350849251 0.0069172204708289331 -0.99994101808787028 -0.01026921790878864 0 0 0 1</transform>
        <rotation_covariance>8.2985390548859294e-08 1.1983479787375706e-09 -1.613927450547848e-09 1.1983479787375704e-09 5.4894721589927534e-08 5.1346303587756127e-10 -1.6139274505478476e-09 5.1346303587756137e-10 1.2987402796907221e-08</rotation_covariance>
        <location_covariance>1.2656425083487845e-08 -1.8601773112877308e-10 -1.0650087402336473e-09 -1.8601773112877308e-10 1.400873114021439e-08 -6.1689464265261842e-10 -1.0650087402336473e-09 -6.1689464265261842e-10 2.1173124187407489e-08</location_covariance>
        <orientation>1</orientation>
        <reference x="-0.37993083799999999" y="39.442327644999999" z="142.517" yaw="186.19999999999999" pitch="0.099999999999993788" roll="-0" enabled="true" rotation_enabled="false"/>
      </camera>
      <camera id="6" sensor_id="0" component_id="0" label="DJI_20230125121747_0481.JPG">
        <transform>0.99997527823972443 -0.00090381640863386459 0.0069732363565728726 0.03106449757005348 -0.00086333582462182201 -0.99998277257032342 -0.0058059636429151351 0.25730038739015787 0.0069783637508423193 0.0057997998645134829 -0.99995883153302501 -0.010610770346191878 0 0 0 1</transform>
        <rotation_covariance>9.5113333193444977e-08 2.7415705238702389e-08 -1.524473726890617e-09 2.7415705238702392e-08 6.1039227062934519e-08 8.4733906402776144e-10 -1.5244737268906166e-09 8.4733906402776144e-10 1.2994670485788586e-08</rotation_covariance>
        <location_covariance>1.3417164485016253e-08 -6.9567685635324067e-10 -1.00334188047588e-09 -6.9567685635324067e-10 1.3942445080561788e-08 -1.1902821779852441e-10 -1.00334188047588e-09 -1.1902821779852441e-10 2.265420151654323e-08</location_covariance>
        <orientation>1</orientation>
        <reference x="-0.37995974999999999" y="39.442233586999997" z="142.49199999999999" yaw="186.19999999999999" pitch="0.099999999999993788" roll="-0" enabled="true" rotation_enabled="false"/>
      </camera>
      <camera id="7" sensor_id="0" component_id="0" label="DJI_20230125121749_0482.JPG">
        <transform>0.99998305497032236 -0.00069869249361040201 0.0057794118230757412 0.060477792773807021 -0.00066053583547902588 -0.99997799206042792 -0.0066014458419799138 0.51612616801199729 0.0057838970107863463 0.0065975164716671197 -0.99996150891510538 -0.0095669893783645876 0 0 0 1</transform>
        <rotation_covariance>1.5841945693538584e-07 5.8861267640396754e-08 -1.3181537344630905e-09 5.8861267640396754e-08 6.7863438366186853e-08 1.0282065953487955e-09 -1.3181537344630905e-09 1.0282065953487957e-09 1.3262681542002348e-08</rotation_covariance>
        <location_covariance>1.7739645683968197e-08 -3.9198919971764579e-10 -1.124021813431272e-09 -3.9198919971764579e-10 2.0578512732395871e-08 -1.7264368469831809e-10 -1.124021813431272e-09 -1.7264368469831809e-10 3.0205826615321344e-08</location_covariance>
        <orientation>1</orientation>
        <reference x="-0.379987201" y="39.442140332999998" z="142.53999999999999" yaw="186.19999999999999" pitch="0.099999999999993788" roll="-0" enabled="true" rotation_enabled="false"/>
      </camera>
      <camera id="8" sensor_id="0" component_id="0" label="DJI_20230125121759_0487.JPG">
        <transform>-0.99541412873042301 0.094454554010293762 0.015134383058782131 -0.45988061375700739 0.094630742225858405 0.99544738892339013 0.011380619991370326 0.39084560376805005 -0.013990530713185545 0.012760607835104933 -0.99982069989475708 -0.011676678370779729 0 0 0 1</transform>
        <rotation_covariance>1.145869216216158e-07 -1.8124333457963346e-08 -2.7398731412388149e-09 -1.8124333457963352e-08 5.6358902970319073e-08 -4.0366934038810412e-10 -2.7398731412388149e-09 -4.0366934038810443e-10 1.3473493482710558e-08</rotation_covariance>
        <location_covariance>2.2314422692479192e-08 1.2349853183314335e-09 -8.0151616558102667e-10 1.2349853183314335e-09 2.1852503437464199e-08 4.130999055619897e-10 -8.0151616558102667e-10 4.130999055619897e-10 2.2938818293937747e-08</location_covariance>
        <orientation>1</orientation>
        <reference x="-0.37973550499999997" y="39.442164337999998" z="142.47399999999999" yaw="10.1" pitch="0.099999999999993788" roll="-0" enabled="true" rotation_enabled="false"/>
      </camera>
      <camera id="9" sensor_id="0" component_id="0" label="DJI_20230125121800_0488.JPG">
        <transform>-0.99539604511344382 0.094880908835503833 0.013576689989200053 -0.49011217664800893 0.095015471433455539 0.99542917562585076 0.0096341320894938881 0.1077784595031954 -0.012600538115184672 0.01087977257981243 -0.99986141889154778 -0.011056088347176961 0 0 0 1</transform>
        <rotation_covariance>8.4081983137257655e-08 7.2914238670981823e-09 -2.4641537049716127e-09 7.291423867098179e-09 5.612549738778923e-08 8.6807033059760201e-11 -2.4641537049716123e-09 8.6807033059760124e-11 1.342151104359002e-08</rotation_covariance>
        <location_covariance>1.6786017309700105e-08 1.9633882260062975e-10 -1.0826098103105844e-09 1.9633882260062975e-10 1.8548590624829617e-08 -5.4951957019037389e-10 -1.0826098103105844e-09 -5.4951957019037389e-10 2.10974938038391e-08</location_covariance>
        <orientation>1</orientation>
        <reference x="-0.37970617899999998" y="39.442266386999997" z="142.512" yaw="10.200000000000001" pitch="-0.1000000000000008" roll="1.2246480426446621e-17" enabled="true" rotation_enabled="false"/>
      </camera>
      <camera id="10" sensor_id="0" component_id="0" label="DJI_20230125121802_0489.JPG">
        <transform>-0.99528610931714812 0.096283679965163724 0.011619534099942397 -0.51992825369669815 0.096375763293746058 0.99531568099787038 0.0076424740296127868 -0.1657189317559177 -0.01082925897195283 0.0087262897104903175 -0.99990328483209168 -0.010194410766591316 0 0 0 1</transform>
        <rotation_covariance>1.1168776955715048e-07 3.2094928980000683e-08 -2.0527911992511433e-09 3.2094928980000683e-08 5.6020316388015817e-08 3.1832114631335956e-10 -2.0527911992511433e-09 3.1832114631335956e-10 1.3474152113785209e-08</rotation_covariance>
        <location_covariance>1.6307073154556069e-08 -3.6029847770995564e-11 -7.7617497358196702e-10 -3.6029847770995564e-11 1.7898339720241712e-08 -4.5698575417314118e-11 -7.7617497358196702e-10 -4.5698575417314118e-11 2.2023954258857015e-08</location_covariance>
        <orientation>1</orientation>
        <reference x="-0.37967757600000002" y="39.442365176999999" z="142.56800000000001" yaw="10.200000000000001" pitch="-0.1000000000000008" roll="1.2246480426446621e-17" enabled="true" rotation_enabled="false"/>
      </camera>
      <camera id="11" sensor_id="0" component_id="0" label="DJI_20230125121803_0490.JPG">
        <transform>-0.9951308048696752 0.09801574987502587 0.010372751605470651 -0.54373836602839731 0.098098447449436951 0.99514624224448356 0.0077878851233693647 -0.40889566963168456 -0.0095590693816119364 0.0087675152193263522 -0.99991587389611747 -0.0092728408474156317 0 0 0 1</transform>
        <rotation_covariance>1.8555620509948227e-07 5.5126632281735959e-08 -1.7456592569192886e-09 5.5126632281735946e-08 5.693754735213546e-08 6.0629862626453855e-10 -1.7456592569192886e-09 6.0629862626453834e-10 1.3645048372400472e-08</rotation_covariance>
        <location_covariance>2.1726925037907433e-08 1.3989622151973406e-09 -6.38476467993498e-10 1.3989622151973406e-09 2.5133544474678861e-08 2.3450030640780105e-10 -6.38476467993498e-10 2.3450030640780105e-10 3.033931679939451e-08</location_covariance>
        <orientation>1</orientation>
        <reference x="-0.37965333200000001" y="39.442452719000002" z="142.61000000000001" yaw="10.1" pitch="0.099999999999993788" roll="-0" enabled="true" rotation_enabled="false"/>
      </camera>
      <camera id="12" sensor_id="0" component_id="0" label="DJI_20230125121813_0494.JPG">
        <transform>0.9999167941633158 -0.0048646788191031532 0.011947370009481375 -1.0499030169192825 -0.0047574703944203503 -0.99994831249410798 -0.0089854780413723325 -0.18058295616144718 0.011990463944430993 0.0089278911380424909 -0.99988825452358654 -0.013584138318628371 0 0 0 1</transform>
        <rotation_covariance>1.0478224340060562e-07 7.8868075070196647e-08 1.6759737678062411e-09 7.8868075070196647e-08 2.55292022993833e-07 2.1246890024908581e-09 1.6759737678062413e-09 2.1246890024908581e-09 1.3386097719099271e-08</rotation_covariance>
        <location_covariance>2.1242203969130839e-08 -1.4740118871454412e-09 6.7885481968729559e-10 -1.4740118871454412e-09 2.2990977324515352e-08 -6.2256784649928439e-11 6.7885481968729559e-10 -6.2256784649928439e-11 3.9714959735215187e-08</location_covariance>
        <orientation>1</orientation>
        <reference x="-0.37942704999999999" y="39.442348526000004" z="142.47499999999999" yaw="186.5" pitch="0.099999999999993788" roll="-0" enabled="true" rotation_enabled="false"/>
      </camera>
      <camera id="13" sensor_id="0" component_id="0" label="DJI_20230125121814_0495.JPG">
        <transform>0.99992111478340995 -0.006789434937326126 0.010567297835015196 -1.0049263688731029 -0.0067090791019552296 -0.99994845173768088 -0.00762116297024934 0.10563603907074985 0.010618496499307654 0.0075496649360892731 -0.99991512144353889 -0.013035614406370011 0 0 0 1</transform>
        <rotation_covariance>8.1617046266113377e-08 -1.5523839906481903e-09 9.3042510553469686e-10 -1.5523839906481903e-09 2.3195443834291768e-07 1.8196525806641546e-09 9.3042510553469686e-10 1.8196525806641542e-09 1.3394007033905329e-08</rotation_covariance>
        <location_covariance>1.6302018084924812e-08 -4.114589272319264e-10 2.6445813443159043e-10 -4.114589272319264e-10 1.8775459558588584e-08 -2.7402790624272225e-10 2.6445813443159043e-10 -2.7402790624272225e-10 2.3935239432991118e-08</location_covariance>
        <orientation>1</orientation>
        <reference x="-0.37946355399999998" y="39.442245757999999" z="142.47999999999999" yaw="186.5" pitch="0.099999999999993788" roll="-0" enabled="true" rotation_enabled="false"/>
      </camera>
      <camera id="14" sensor_id="0" component_id="0" label="DJI_20230125121816_0496.JPG">
        <transform>0.99992678996942308 -0.0078058041951171511 0.0092457623975632317 -0.96929483282299356 -0.0077492099866034794 -0.9999511165897792 -0.006141186810093846 0.3807743583548997 0.0092932473349323832 0.0060690898593140918 -0.99993839895378134 -0.010709819739469845 0 0 0 1</transform>
        <rotation_covariance>1.1636859551740756e-07 -7.2618662256819676e-08 3.1373226188351285e-10 -7.2618662256819663e-08 2.15152026057763e-07 1.9663657474214224e-09 3.137322618835129e-10 1.9663657474214216e-09 1.3436000115234545e-08</rotation_covariance>
        <location_covariance>1.5656299517896604e-08 -5.6681458791622368e-10 2.2820334039130333e-10 -5.6681458791622368e-10 1.8473784441990138e-08 1.4659208551449876e-10 2.2820334039130333e-10 1.4659208551449876e-10 2.7747929815878627e-08</location_covariance>
        <orientation>1</orientation>
        <reference x="-0.37949502800000001" y="39.442147110999997" z="142.55699999999999" yaw="186.5" pitch="0.099999999999993788" roll="-0" enabled="true" rotation_enabled="false"/>
      </camera>
      <camera id="15" sensor_id="0" component_id="0" label="DJI_20230125121817_0497.JPG">
        <transform>0.99992230156404149 -0.0092291383485936553 0.0083793699174111117 -0.94140664230271132 -0.0091603542028041007 -0.9999243361507042 -0.0082103522733672392 0.62351406807241139 0.0084545103790500849 0.0081329563453971243 -0.99993118576996809 -0.011684227085420469 0 0 0 1</transform>
        <rotation_covariance>1.9363031228242391e-07 -1.2984909119417227e-07 -5.0650197579411517e-10 -1.2984909119417224e-07 2.0335702277443808e-07 2.5395154696755175e-09 -5.0650197579411517e-10 2.5395154696755171e-09 1.3618302006151155e-08</rotation_covariance>
        <location_covariance>1.9771878107124105e-08 4.0073927108349241e-10 3.3819069525002055e-10 4.0073927108349241e-10 2.54630326540936e-08 -4.4086379517325196e-10 3.3819069525002055e-10 -4.4086379517325196e-10 4.8130101063956583e-08</location_covariance>
        <orientation>1</orientation>
        <reference x="-0.37952114100000001" y="39.442059487000002" z="142.50399999999999" yaw="186.59999999999999" pitch="0.099999999999993788" roll="-0" enabled="true" rotation_enabled="false"/>
      </camera>
    </cameras>
    <markers next_id="7" next_group_id="0">
      <marker id="0" label="101">
        <reference x="725418.34600000002" y="4369135.8789999997" z="10.720000000000001" enabled="true"/>
      </marker>
      <marker id="1" label="102">
        <reference x="725447.56099999999" y="4369165.9840000002" z="21.649000000000001" enabled="true"/>
      </marker>
      <marker id="2" label="103">
        <reference x="725464.95799999998" y="4369119.1109999996" z="24.298999999999999" enabled="true"/>
      </marker>
      <marker id="3" label="104">
        <reference x="725500.60199999996" y="4369138.6359999999" z="12.943" enabled="true"/>
      </marker>
      <marker id="4" label="105">
        <reference x="725503.98800000001" y="4369159.4570000004" z="11.631" enabled="true"/>
      </marker>
      <marker id="5" label="106">
        <reference x="725483.97199999995" y="4369122.4809999997" z="11.91" enabled="true"/>
      </marker>
      <marker id="6" label="107">
        <reference x="725524.57900000003" y="4369127.341" z="12.821999999999999" enabled="true"/>
      </marker>
    </markers>
    <transform>
      <rotation locked="true">-0.079447396142075549 0.62980018841151386 0.77268352766385917 -0.99313016340082139 -0.11681106374002284 -0.0069031826994688465 0.085910359036044284 -0.76792375797649748 0.63475389888172562</rotation>
      <translation locked="true">4932278.2992889546 -32706.671938948897 4030451.4029770633</translation>
      <scale locked="true">40.80285140029163</scale>
    </transform>
    <reference>COMPD_CS["ETRS89 / UTM zone 30N + Alicante height",PROJCS["ETRS89 / UTM zone 30N",GEOGCS["ETRS89",DATUM["European Terrestrial Reference System 1989 ensemble",SPHEROID["GRS 1980",6378137,298.257222101,AUTHORITY["EPSG","7019"]],TOWGS84[0,0,0,0,0,0,0],AUTHORITY["EPSG","6258"]],PRIMEM["Greenwich",0,AUTHORITY["EPSG","8901"]],UNIT["degree",0.01745329251994328,AUTHORITY["EPSG","9102"]],AUTHORITY["EPSG","4258"]],PROJECTION["Transverse_Mercator",AUTHORITY["EPSG","9807"]],PARAMETER["latitude_of_origin",0],PARAMETER["central_meridian",-3],PARAMETER["scale_factor",0.9996],PARAMETER["false_easting",500000],PARAMETER["false_northing",0],UNIT["metre",1,AUTHORITY["EPSG","9001"]],AUTHORITY["EPSG","25830"]],VERT_CS["Alicante height",VERT_DATUM["Alicante",2005,AUTHORITY["EPSG","5180"]],UNIT["metre",1,AUTHORITY["EPSG","9001"]],AUTHORITY["EPSG","5782"]]]</reference>
    <camera_reference>GEOGCS["WGS 84",DATUM["World Geodetic System 1984 ensemble",SPHEROID["WGS 84",6378137,298.257223563,AUTHORITY["EPSG","7030"]],TOWGS84[0,0,0,0,0,0,0],AUTHORITY["EPSG","6326"]],PRIMEM["Greenwich",0,AUTHORITY["EPSG","8901"]],UNIT["degree",0.01745329251994328,AUTHORITY["EPSG","9102"]],AUTHORITY["EPSG","4326"]]</camera_reference>
    <marker_reference>COMPD_CS["ETRS89 / UTM zone 30N + Alicante height",PROJCS["ETRS89 / UTM zone 30N",GEOGCS["ETRS89",DATUM["European Terrestrial Reference System 1989 ensemble",SPHEROID["GRS 1980",6378137,298.257222101,AUTHORITY["EPSG","7019"]],TOWGS84[0,0,0,0,0,0,0],AUTHORITY["EPSG","6258"]],PRIMEM["Greenwich",0,AUTHORITY["EPSG","8901"]],UNIT["degree",0.01745329251994328,AUTHORITY["EPSG","9102"]],AUTHORITY["EPSG","4258"]],PROJECTION["Transverse_Mercator",AUTHORITY["EPSG","9807"]],PARAMETER["latitude_of_origin",0],PARAMETER["central_meridian",-3],PARAMETER["scale_factor",0.9996],PARAMETER["false_easting",500000],PARAMETER["false_northing",0],UNIT["metre",1,AUTHORITY["EPSG","9001"]],AUTHORITY["EPSG","25830"]],VERT_CS["Alicante height",VERT_DATUM["Alicante",2005,AUTHORITY["EPSG","5180"]],UNIT["metre",1,AUTHORITY["EPSG","9001"]],AUTHORITY["EPSG","5782"]]]</marker_reference>
    <region>
      <center>-0.52137454340481781 0.05163347463530954 -1.8850452695239777</center>
      <size>0.9266243787460553 1.1180291362397838 2.4508091118182307</size>
      <R>-1 0 0 0 -1 0 0 0 1</R>
    </region>
    <settings>
      <property name="accuracy_tiepoints" value="1"/>
      <property name="accuracy_cameras_xy" value="0.080000000000000002"/>
      <property name="accuracy_cameras_z" value="0.12"/>
      <property name="accuracy_cameras_ypr" value="10"/>
      <property name="accuracy_markers" value="0.0050000000000000001"/>
      <property name="accuracy_scalebars" value="0.001"/>
      <property name="accuracy_projections" value="0.5"/>
    </settings>
    <meta>
      <property name="AlignCameras/adaptive_fitting" value="false"/>
      <property name="AlignCameras/duration" value="4.101"/>
      <property name="AlignCameras/min_image" value="2"/>
      <property name="AlignCameras/ram_used" value="116641792"/>
      <property name="AlignCameras/reset_alignment" value="false"/>
      <property name="AlignCameras/subdivide_task" value="true"/>
      <property name="Info/LastSavedDateTime" value="2024:01:08 17:29:05"/>
      <property name="Info/LastSavedSoftwareVersion" value="2.0.1.16069"/>
      <property name="OptimizeCameras/sigma0" value="0.116962490840056"/>
    </meta>
    <frames next_id="1">
      <frame id="0">
        <markers>
          <marker marker_id="0">
            <location camera_id="0" pinned="true" x="1142.31519" y="2533.22021"/>
            <location camera_id="1" pinned="true" x="1121.37231" y="3678.09546"/>
            <location camera_id="2" pinned="true" x="1097.43555" y="4744.56348"/>
          </marker>
          <marker marker_id="1">
            <location camera_id="2" pinned="true" x="3216.6521" y="1168.74512"/>
            <location camera_id="3" pinned="true" x="3186.33936" y="2374.31348"/>
            <location camera_id="4" pinned="true" x="7163.34619" y="3990.13013"/>
            <location camera_id="5" pinned="true" x="6973.55176" y="5294.88379"/>
          </marker>
          <marker marker_id="2">
            <location camera_id="0" pinned="true" x="6207.3877" y="3462.35229"/>
            <location camera_id="1" pinned="true" x="6176.96338" y="4833.16992"/>
            <location camera_id="5" pinned="true" x="4654.89404" y="163.319092"/>
            <location camera_id="6" pinned="true" x="4517.93018" y="1407.84705"/>
            <location camera_id="7" pinned="true" x="4390.06396" y="2631.55298"/>
            <location camera_id="8" pinned="true" x="1413.09717" y="3608.2063"/>
            <location camera_id="9" pinned="true" x="1396.85059" y="4960.25244"/>
          </marker>
          <marker marker_id="3">
            <location camera_id="8" pinned="true" x="4949.82959" y="924.915161"/>
            <location camera_id="9" pinned="true" x="4925.69238" y="2100.91333"/>
            <location camera_id="10" pinned="true" x="4896.24219" y="3239.58472"/>
            <location camera_id="11" pinned="true" x="4885.18213" y="4231.40186"/>
            <location camera_id="12" pinned="true" x="5420.72119" y="2020.82568"/>
            <location camera_id="13" pinned="true" x="5255.60498" y="3194.9519"/>
            <location camera_id="14" pinned="true" x="5127.54248" y="4324.38525"/>
            <location camera_id="15" pinned="true" x="5028.96777" y="5287.19434"/>
          </marker>
          <marker marker_id="4">
            <location camera_id="4" pinned="true" x="1221.0636" y="3661.54663"/>
            <location camera_id="5" pinned="true" x="1075.3197" y="4819.90576"/>
            <location camera_id="10" pinned="true" x="4845.67773" y="1155.85193"/>
            <location camera_id="11" pinned="true" x="4834.89551" y="2133.66187"/>
            <location camera_id="12" pinned="true" x="5241.65283" y="4097.38086"/>
            <location camera_id="13" pinned="true" x="5079.43066" y="5245.96143"/>
          </marker>
          <marker marker_id="5">
            <location camera_id="0" pinned="true" x="7666.49219" y="2686.96411"/>
            <location camera_id="1" pinned="true" x="7636.36963" y="3846.24292"/>
            <location camera_id="2" pinned="true" x="7594.55957" y="4919.4458"/>
            <location camera_id="5" pinned="true" x="2715.19556" y="1034.62659"/>
            <location camera_id="6" pinned="true" x="2596.96436" y="2097.96631"/>
            <location camera_id="7" pinned="true" x="2489.85742" y="3134.02344"/>
            <location camera_id="8" pinned="true" x="3606.72339" y="2807.93481"/>
            <location camera_id="9" pinned="true" x="3583.59009" y="3968.11694"/>
            <location camera_id="10" pinned="true" x="3558.2063" y="5085.37842"/>
            <location camera_id="12" pinned="true" x="6861.95166" y="329.008118"/>
            <location camera_id="13" pinned="true" x="6708.81689" y="1466.77002"/>
            <location camera_id="14" pinned="true" x="6586.98828" y="2574.57056"/>
            <location camera_id="15" pinned="true" x="6492.47119" y="3525.65112"/>
          </marker>
          <marker marker_id="6">
            <location camera_id="8" pinned="true" x="7488.89404" y="1621.77612"/>
            <location camera_id="9" pinned="true" x="7462.16797" y="2789.78857"/>
            <location camera_id="10" pinned="true" x="7425.85889" y="3914.86353"/>
            <location camera_id="11" pinned="true" x="7404.05469" y="4888.80811"/>
            <location camera_id="12" pinned="true" x="2934.9895" y="1106.43054"/>
            <location camera_id="13" pinned="true" x="2766.521" y="2287.02466"/>
            <location camera_id="14" pinned="true" x="2642.99731" y="3422.9978"/>
            <location camera_id="15" pinned="true" x="2548.86572" y="4395.56152"/>
          </marker>
        </markers>
      </frame>
    </frames>
  </chunk>
</document>
